3
2

0.6048820615 -0.01175762061 -0.2212147266 0 0 0 

0.1448080011 0.8551919989 

66.91933888 9.736609222 
-716.7794671 22.54154424 
400.9232318 36.05700152 
-0.3158216021 -0.1362527572 
8.35978409 -0.2371959042 
-3.266569707 -0.334161083 

24740.66593 0.3368883714 -0.4712700159 -374.2927865 10.37849949 -14.36699401 
0.3368883714 167271.6891 -1.117290298 -85.66208452 -1880.415261 -57.6132807 
-0.4712700159 -1.117290298 60722.27001 49.91691854 41.49561021 -526.2516252 
-374.2927865 -85.66208452 49.91691854 49.86717086 1.591825223 0.7514606582 
10.37849949 -1880.415261 41.49561021 1.591825223 111.5178059 0.2970014747 
-14.36699401 -57.6132807 -526.2516252 0.7514606582 0.2970014747 107.1214121 

24736.6893 0.05409003245 0.3758426176 -365.8801874 5.851466942 -12.6706893 
0.05409003245 167269.5135 0.5895278747 4.347663723 -1832.783562 -7.552389062 
0.3758426176 0.5895278747 60718.62707 12.0775523 12.60644849 -552.6060046 
-365.8801874 4.347663723 12.0775523 45.11967099 -0.5532672358 0.9282048404 
5.851466942 -1832.783562 12.60644849 -0.5532672358 105.2165905 -0.6475877643 
-12.6706893 -7.552389062 -552.6060046 0.9282048404 -0.6475877643 104.3247824 

