3
2
0.00200066

0.4599763751 0.02864755131 0.02309545875 0 0 0 

0.4999986567 0.5000013433 

-32.47966836 -31.53332386 
1.44369117 1.900477047 
9.871258024 9.896002228 
0.01459938423 0.01415024816 
-0.0005999086021 -0.0009106932015 
-0.0003013731705 -0.0004577856261 

5461.013664 3.753478764e-05 -0.0008018681187 -2.504039396 -0.006086102373 -0.1295836622 
3.753478764e-05 4799.622563 0.001757038194 -0.002528273845 -3.17516109 -0.02098644094 
-0.0008018681187 0.001757038194 232.7692114 -0.006903120641 0.007520061171 -0.02513130575 
-2.504039396 -0.002528273845 -0.006903120641 0.0155912306 3.702875956e-05 0.0005635290667 
-0.006086102373 -3.17516109 0.007520061171 3.702875956e-05 0.01210886253 -5.81157286e-05 
-0.1295836622 -0.02098644094 -0.02513130575 0.0005635290667 -5.81157286e-05 0.0003881865629 

5461.013679 4.152741807e-05 -0.0007036671246 -2.510131105 -0.006904847418 -0.1624877237 
4.152741807e-05 4799.622564 0.001729391948 -0.001328782206 -3.181792494 -0.05857096331 
-0.0007036671246 0.001729391948 232.7691972 -0.008076516058 0.007274337368 -0.03229133232 
-2.510131105 -0.001328782206 -0.008076516058 0.01566754059 3.374391594e-05 0.0006999996699 
-0.006904847418 -3.181792494 0.007274337368 3.374391594e-05 0.01215103395 1.137415668e-05 
-0.1624877237 -0.05857096331 -0.03229133232 0.0006999996699 1.137415668e-05 0.0005210142582 

