3
2

0.9999374586 6.254139466e-05 

-149.3766361 -12.86394539 
-249.9986669 91.22891476 
22.20080334 -70.63801833 
2.530390883 26.28446317 
0.9492065439 0.7573132828 
0.9292824967 4.651009887 

30425.03579 4.487885723 -3.254943176 -317.4058191 46.34295927 -145.6793676 
4.487885723 118325.574 -6.230417922 -457.050286 -550.5556688 -194.6578444 
-3.254943176 -6.230417922 60130.5009 17.85527433 36.9268644 -534.6426897 
-317.4058191 -457.050286 17.85527433 21.21317771 3.514404352 1.940434095 
46.34295927 -550.5556688 36.9268644 3.514404352 50.92445969 -4.269159261 
-145.6793676 -194.6578444 -534.6426897 1.940434095 -4.269159261 20.12246926 

5781.076277 -0.006618228856 0.2583035079 0.1469418323 -1.0242599 -1.103402722 
-0.006618228856 5809.967158 -0.1757805756 18.29232929 -2.498545106 3.945677275 
0.2583035079 -0.1757805756 41.53637771 -15.28827865 -0.4670345643 -2.697294577 
0.1469418323 18.29232929 -15.28827865 6.567286252 0.05219278883 1.365718845 
-1.0242599 -2.498545106 -0.4670345643 0.05219278883 0.5441510047 -0.009162471158 
-1.103402722 3.945677275 -2.697294577 1.365718845 -0.009162471158 6.594073045 

