3
2
0.034345

0.5181257129 -0.1492399424 -0.1872199029 0 0 0 

0.2456325961 0.7543674039 

21.14017288 9.717577821 
74.64983554 69.17330109 
-59.36461332 -58.42300035 
-0.3391477202 -0.2434170278 
-0.4539068099 -0.5376214947 
0.3568932083 0.5655367307 

23498.10377 11.16018344 -7.77166469 -171.5177831 121.0674046 -70.36266057 
11.16018344 93894.48361 -15.35316308 -299.4900979 -655.8888623 -74.3394138 
-7.77166469 -15.35316308 35393.51545 -31.60407598 24.75354569 -285.796575 
-171.5177831 -299.4900979 -31.60407598 10.24713526 4.242931674 0.2873648889 
121.0674046 -655.8888623 24.75354569 4.242931674 36.85147663 -6.809439312 
-70.36266057 -74.3394138 -285.796575 0.2873648889 -6.809439312 9.560947983 

23513.18577 18.30575756 -11.17618698 -142.5896344 203.8947186 -92.8964177 
18.30575756 93912.59997 -22.65260922 -446.2590013 -655.3573245 -90.23557514 
-11.17618698 -22.65260922 35403.18281 -87.17609859 84.3874068 -406.2909723 
-142.5896344 -446.2590013 -87.17609859 14.73997543 6.497323232 0.7812364213 
203.8947186 -655.3573245 84.3874068 6.497323232 43.19564682 -12.04317764 
-92.8964177 -90.23557514 -406.2909723 0.7812364213 -12.04317764 19.34322893 

