7
2

0.1362614245 0.8637385755 

9.680943532 18.73635637 
74.19476 75.4007189 
-63.05222482 -65.29632483 
-823.9824748 -131.5027933 
-735.8582947 24.50577367 
609.7765108 -13.45171506 
-713.92904 -10.63902479 
0.5963268024 -0.1942850411 
-0.1354426662 -0.398246475 
-0.2417737097 0.4253068697 
16.63111531 2.657162702 
14.27425611 -0.4754534877 
-9.369272473 0.2067751598 
8.852726695 0.1326140508 

26560.62138 0.3548787592 -0.08760529264 -0.2005558967 0.09033899437 0.1542888478 0.1028301339 -214.7273751 0.9897604651 4.835061649 -0.1109872497 0.2450943059 0.05456046356 0.2114051044 
0.3548787592 107515.3508 -0.2435490882 -0.6803860328 0.3037313402 0.4949905149 0.2949027661 -49.11105967 -563.6819873 19.83236919 -0.2415090018 0.3705485863 0.1990229552 0.3287998406 
-0.08760529264 -0.2435490882 42665.64257 0.1163571259 -0.01404300822 -0.09029186178 0.005159865655 6.263290227 -0.5224474992 -366.7091546 0.1292133135 -0.02105143698 -0.06095747456 -0.05647173708 
-0.2005558967 -0.6803860328 0.1163571259 180575.3251 -0.4294685779 -0.6198552067 -0.3120915902 21.92969077 -9.617491821 14.09660273 -3647.983271 1.201150717 -0.2895598422 1.10032954 
0.09033899437 0.3037313402 -0.01404300822 -0.4294685779 124787.8375 0.1100154737 0.2961508622 -74.46546464 -15.60391325 56.60025858 1.154572978 -2423.059477 -0.8170582744 1.113497747 
0.1542888478 0.4949905149 -0.09029186178 -0.6198552067 0.1100154737 149609.3707 0.1310823606 0.205775848 8.570594548 -18.59177388 -0.2395495644 -0.5354278852 -2301.77556 -0.6843676893 
0.1028301339 0.2949027661 0.005159865655 -0.3120915902 0.2961508622 0.1310823606 119810.3197 -63.40938134 -13.68900661 54.58757117 1.14479468 1.166927985 -0.984591073 -1487.995756 
-214.7273751 -49.11105967 6.263290227 21.92969077 -74.46546464 0.205775848 -63.40938134 16.89040467 0.3762877118 -0.515446637 -0.4464842523 1.443423518 -0.001271026541 0.7846826208 
0.9897604651 -563.6819873 -0.5224474992 -9.617491821 -15.60391325 8.570594548 -13.68900661 0.3762877118 39.88044063 -0.3119212125 0.1860610647 0.3022060107 -0.1246980952 0.1715482407 
4.835061649 19.83236919 -366.7091546 14.09660273 56.60025858 -18.59177388 54.58757117 -0.515446637 -0.3119212125 17.49759655 -0.2799637213 -1.099217692 0.2834588367 -0.6778059591 
-0.1109872497 -0.2415090018 0.1292133135 -3647.983271 1.154572978 -0.2395495644 1.14479468 -0.4464842523 0.1860610647 -0.2799637213 7041.671337 -0.4109109448 -1.515192462 -0.380024935 
0.2450943059 0.3705485863 -0.02105143698 1.201150717 -2423.059477 -0.5354278852 1.166927985 1.443423518 0.3022060107 -1.099217692 -0.4109109448 4516.034978 -0.6851085976 1.972427039 
0.05456046356 0.1990229552 -0.06095747456 -0.2895598422 -0.8170582744 -2301.77556 -0.984591073 -0.001271026541 -0.1246980952 0.2834588367 -1.515192462 -0.6851085976 4423.672362 -0.8844180956 
0.2114051044 0.3287998406 -0.05647173708 1.10032954 1.113497747 -0.6843676893 -1487.995756 0.7846826208 0.1715482407 -0.6778059591 -0.380024935 1.972427039 -0.8844180956 2163.139979 

26564.23792 1.440921778 -1.334552477 -0.1124912701 0.6664568239 0.204982215 0.4190358473 -218.6326137 19.69134824 -50.66194094 -0.05265517534 0.3131140859 0.146761565 0.03677043934 
1.440921778 107516.2198 -2.338736267 -0.1245842369 1.063612519 0.6065086642 0.8038902134 -68.60201145 -584.0976195 -80.18452003 -0.0268044819 0.2764903997 0.1164696029 -0.239321785 
-1.334552477 -2.338736267 42668.08618 -0.4395985416 -0.2080158622 0.5411175139 0.2835961106 -3.616212668 10.35816091 -368.8557318 -0.2159262176 -0.01255534252 0.2964892864 -0.1395478536 
-0.1124912701 -0.1245842369 -0.4395985416 180573.0212 -0.9923281919 -1.660481416 -0.9034442394 -2.826119031 -15.98202838 54.37832099 -3648.254762 -0.3025955631 -0.07571150125 -0.7999044481 
0.6664568239 1.063612519 -0.2080158622 -0.9923281919 124785.723 0.7125731729 0.6447826935 -26.30913467 0.712031405 -61.80984 0.1256230195 -2424.162482 0.3559772034 -0.8752035933 
0.204982215 0.6065086642 0.5411175139 -1.660481416 0.7125731729 149608.4771 1.199119382 -32.09993601 -5.445487748 -46.53780969 -0.1057477988 0.9735254109 -2301.550732 1.584715235 
0.4190358473 0.8038902134 0.2835961106 -0.9034442394 0.6447826935 1.199119382 119808.5204 -30.29194628 -11.81258109 -4.123746454 0.09389334495 -0.02455586294 0.3977594485 -1489.416332 
-218.6326137 -68.60201145 -3.616212668 -2.826119031 -26.30913467 -32.09993601 -30.29194628 16.87418571 0.7288476398 0.7136427172 0.05495570935 0.5091083883 0.4927550001 0.3850097372 
19.69134824 -584.0976195 10.35816091 -15.98202838 0.712031405 -5.445487748 -11.81258109 0.7288476398 42.3366768 -1.18809614 0.3170423661 -0.01069830015 0.08820378011 0.1269793498 
-50.66194094 -80.18452003 -368.8557318 54.37832099 -61.80984 -46.53780969 -4.123746454 0.7136427172 -1.18809614 19.11169816 -1.090909404 1.192011569 0.7113082374 0.05163465718 
-0.05265517534 -0.0268044819 -0.2159262176 -3648.254762 0.1256230195 -0.1057477988 0.09389334495 0.05495570935 0.3170423661 -1.090909404 7037.994303 -0.3928737065 -1.524547722 -0.3732437323 
0.3131140859 0.2764903997 -0.01255534252 -0.3025955631 -2424.162482 0.9735254109 -0.02455586294 0.5091083883 -0.01069830015 1.192011569 -0.3928737065 4512.381162 -0.7089174316 1.986733882 
0.146761565 0.1164696029 0.2964892864 -0.07571150125 0.3559772034 -2301.550732 0.3977594485 0.4927550001 0.08820378011 0.7113082374 -1.524547722 -0.7089174316 4420.007936 -0.8966007715 
0.03677043934 -0.239321785 -0.1395478536 -0.7999044481 -0.8752035933 1.584715235 -1489.416332 0.3850097372 0.1269793498 0.05163465718 -0.3732437323 1.986733882 -0.8966007715 2159.512024 

