3
2

0.5249153972 -0.1493819654 -0.1783859283 0 0 0 

0.2298836596 0.7701163404 

13.92801941 4.354037795 
74.62968905 52.66228018 
-68.65230777 -5.241795436 
-0.10708976 -0.3670651715 
-1.282875104 -0.5375552925 
-0.3836122239 0.09049652295 

22621.9958 25.68538471 20.49543784 -336.2427577 235.0191421 -104.0342378 
25.68538471 91869.8891 17.34363207 32.61299873 -886.7915162 -957.2139132 
20.49543784 17.34363207 31628.31737 -33.9776362 325.6963221 -211.0857389 
-336.2427577 32.61299873 -33.9776362 18.40764299 -1.400383248 8.287129557 
235.0191421 -886.7915162 325.6963221 -1.400383248 56.23885319 -3.071531989 
-104.0342378 -957.2139132 -211.0857389 8.287129557 -3.071531989 30.22807067 

22690.31219 52.93125605 -41.3362657 -16.68329818 188.5622092 -13.93228141 
52.93125605 91970.2376 -72.54610485 -651.5679756 -1043.992262 141.3528955 
-41.3362657 -72.54610485 31680.90097 -55.16895435 -147.1148291 -74.69392522 
-16.68329818 -651.5679756 -55.16895435 12.49271118 14.42046662 -3.420334272 
188.5622092 -1043.992262 -147.1148291 14.42046662 33.33352036 -3.24438073 
-13.93228141 141.3528955 -74.69392522 -3.420334272 -3.24438073 3.292381455 

