3
2

0.8188812634 0.1811187366 

9.274625163 18.5346163 
74.00631767 75.31602143 
-62.93072711 -65.23807223 
-0.3912342954 -0.2095089889 
-1.094323878 -0.5996328138 
0.3268959304 0.3611828359 

26664.2465 53.43821494 -31.44693023 -49.27436567 341.4423046 -198.4088404 
53.43821494 107596.0578 -63.83724555 -760.3923406 -1242.391238 -405.0485895 
-31.44693023 -63.83724555 42686.18541 -100.4538708 243.5779099 -457.2124626 
-49.27436567 -760.3923406 -100.4538708 27.28295209 17.64846553 0.8307760491 
341.4423046 -1242.391238 243.5779099 17.64846553 61.26101652 -7.49883299 
-198.4088404 -405.0485895 -457.2124626 0.8307760491 -7.49883299 43.443462 

26610.26823 26.02594775 -14.62676746 -59.72507131 224.3102698 74.35886382 
26.02594775 107539.6292 -30.32285977 -300.6411759 -902.0715008 32.15905581 
-14.62676746 -30.32285977 42669.11558 -27.7291188 81.3358819 -187.8034689 
-59.72507131 -300.6411759 -27.7291188 7.090984652 6.176822948 -0.929428086 
224.3102698 -902.0715008 81.3358819 6.176822948 44.2525671 -3.670905514 
74.35886382 32.15905581 -187.8034689 -0.929428086 -3.670905514 2.604032291 

