2
2

0.9990953305 0.000904669532 

2193.614969 2164.334028 
3466.898817 41.1989749 
-2193.627195 -2164.33197 
-1292945.022 -6821.242815 

2847679.295 196611.5044 -2847695.366 294.7889374 
196611.5044 1359181.932 -196612.5517 -524754954.2 
-2847695.366 -196612.5517 8.109449373e+12 646.3113057 
294.7889374 -524754954.2 646.3113057 4.092828665e+11 

3584503.792 42130.01482 -3584500.384 51.05964239 
42130.01482 216017.0954 -42129.97397 -93278194.85 
-3584500.384 -42129.97397 1.284852374e+13 61.02076095 
51.05964239 -93278194.85 61.02076095 8.074364357e+10 

