2
2

0.6015624824 0.3984375176 

737.6857356 -261.07465 
2622.559382 4248.217686 
0.07947279925 1.984610284 
-4.196122637 -8.53714794 

3055221.698 5.258838776 -5047.3496 2325.876514 
5.258838776 3085511.464 1527.311431 -5597.569079 
-5047.3496 1527.311431 28.54257569 5.558369455 
2325.876514 -5597.569079 5.558369455 41.07081039 

3055213.118 0.8501871526 -6755.921132 420.6685298 
0.8501871526 3085508.456 1022.130828 -6174.477918 
-6755.921132 1022.130828 23.02175644 -0.1651284676 
420.6685298 -6174.477918 -0.1651284676 21.52842902 

