3
2

0.5181257129 -0.1492399424 -0.1872199029 0 0 0 

0.6247964395 0.3752035605 

19.95729075 10.78135223 
74.07430729 52.42744636 
-59.62658878 3.513225931 
-0.8630813859 0.01319159736 
-1.05485947 -0.006912010863 
0.6293891714 0.01142221464 

22779.79999 119.0852736 16.33017777 -235.8623846 441.0222238 -123.9662523 
119.0852736 92097.67248 -18.93713423 -581.0264231 -1451.004273 -52.55201091 
16.33017777 -18.93713423 31650.94973 101.2157201 146.0505592 -413.9557695 
-235.8623846 -581.0264231 101.2157201 19.19868904 12.72955422 -1.821046269 
441.0222238 -1451.004273 146.0505592 12.72955422 77.71084121 -11.62141617 
-123.9662523 -52.55201091 -413.9557695 -1.821046269 -11.62141617 23.17079085 

22742.31132 99.73764958 -91.11868437 2.18684014 3.009109754 6.939754187 
99.73764958 91939.99787 -153.8556158 20.53248359 -13.49384742 13.27880484 
-91.11868437 -153.8556158 31675.60647 3.977444781 -5.581030993 5.030123868 
2.18684014 20.53248359 3.977444781 0.03158663101 -0.01178766411 0.02165481705 
3.009109754 -13.49384742 -5.581030993 -0.01178766411 0.01405339893 -0.009487026759 
6.939754187 13.27880484 5.030123868 0.02165481705 -0.009487026759 0.04109371363 

