3
2

0.02092796003 0.97907204 

-520.8242118 -299.7895079 
-696.9579745 -580.580165 
-393.7520245 -287.5286372 
5.732587694 5.53768593 
5.419674435 6.210311462 
2.99379902 4.726864293 

50922.86269 0.6988518434 1.508528439 -522.7102069 -2.676512839 45.46144248 
0.6988518434 100308.7291 2.098432245 -51.15780491 -779.8010412 47.43956332 
1.508528439 2.098432245 41921.99374 -3.323955266 2.730952364 -403.3690248 
-522.7102069 -51.15780491 -3.323955266 28.98958628 1.638355939 1.550885819 
-2.676512839 -779.8010412 2.730952364 1.638355939 49.51365706 2.247163551 
45.46144248 47.43956332 -403.3690248 1.550885819 2.247163551 19.83880227 

50922.60791 5.085796048 5.479411425 -657.8933076 -99.33850231 -60.83547037 
5.085796048 100321.5986 13.76548202 -229.695231 -920.9132199 -122.656984 
5.479411425 13.76548202 41927.37159 -49.07627445 -43.36351464 -533.7782986 
-657.8933076 -229.695231 -49.07627445 30.77880682 6.312992234 3.507550314 
-99.33850231 -920.9132199 -43.36351464 6.312992234 55.88680819 7.609579905 
-60.83547037 -122.656984 -533.7782986 3.507550314 7.609579905 21.70293838 

